service_id,monday,tuesday,wednesday,thursday,friday,saturday,sunday,start_date,end_date
234578052,1,1,1,1,1,0,0,20210823,20210831
236986502,0,0,0,0,0,1,0,20210828,20210828
236988602,0,0,0,0,0,0,1,20210829,20210829
236270000,1,1,1,1,1,0,0,20210901,20210917
236269500,0,0,0,0,0,1,0,20210904,20210918
237269601,0,0,0,0,0,0,1,20210905,20210905
237476501,0,0,0,0,0,1,0,20210912,20210912
237566502,0,0,0,0,0,1,0,20210919,20210919
236892052,1,1,1,1,1,0,0,20210823,20210827
234566500,0,0,0,0,0,1,0,20210828,20210828
234567600,0,0,0,0,0,0,1,20210829,20210829
236900053,1,1,1,1,1,0,0,20210830,20210831
236998000,1,1,1,1,1,0,0,20210901,20210903
236999500,0,0,0,0,0,1,0,20210904,20210904
237000600,0,0,0,0,0,0,1,20210905,20210905
237645001,1,1,1,1,1,0,0,20210906,20210917
237647501,0,0,0,0,0,1,0,20210911,20210911
238158602,0,0,0,0,0,0,1,20210912,20210912
238162502,0,0,0,0,0,1,0,20210918,20210919
236893051,1,1,1,1,1,0,0,20210823,20210827
236897501,0,0,0,0,0,1,0,20210828,20210828
236899601,0,0,0,0,0,0,1,20210829,20210829
236901052,1,1,1,1,1,0,0,20210830,20210831
237001000,1,1,1,1,1,0,0,20210901,20210903
237002500,0,0,0,0,0,1,0,20210904,20210904
237003600,0,0,0,0,0,0,1,20210905,20210905
237648001,1,1,1,1,1,0,0,20210906,20210917
237649501,0,0,0,0,0,1,0,20210911,20210911
237650601,0,0,0,0,0,0,1,20210912,20210912
238164502,0,0,0,0,0,1,0,20210918,20210919
236895051,1,1,1,1,1,0,0,20210823,20210827
237237501,0,0,0,0,0,1,0,20210828,20210828
237172601,0,0,0,0,0,0,1,20210829,20210829
237248052,1,1,1,1,1,0,0,20210830,20210831
237534000,1,1,1,1,1,0,0,20210901,20210917
237049500,0,0,0,0,0,1,0,20210904,20210911
237072600,0,0,0,0,0,0,1,20210905,20210905
238160601,0,0,0,0,0,0,1,20210912,20210912
238167502,0,0,0,0,0,1,0,20210918,20210918
238234501,0,0,0,0,0,1,0,20210919,20210919
236487051,1,1,1,1,1,0,0,20210823,20210831
237544503,0,0,0,0,0,1,0,20210828,20210828
237153605,0,0,0,0,0,0,1,20210829,20210829
236695000,1,1,1,1,1,0,0,20210901,20210917
236330500,0,0,0,0,0,1,0,20210904,20210918
236298600,0,0,0,0,0,0,1,20210905,20210905
237461601,0,0,0,0,0,0,1,20210912,20210912
237456501,0,0,0,0,0,1,0,20210919,20210919
233898050,1,1,1,1,1,0,0,20210823,20210831
234104500,0,0,0,0,0,1,0,20210828,20210828
233930600,0,0,0,0,0,0,1,20210829,20210829
237406051,1,1,1,1,1,0,0,20210830,20210830
236963001,1,1,1,1,1,0,0,20210901,20210917
236955501,0,0,0,0,0,1,0,20210904,20210918
236940601,0,0,0,0,0,0,1,20210905,20210912
237997502,0,0,0,0,0,1,0,20210919,20210919
237259001,1,1,1,1,1,0,0,20210901,20210917
236917501,0,0,0,0,0,1,0,20210904,20210918
236755601,0,0,0,0,0,0,1,20210905,20210905
238322602,0,0,0,0,0,0,1,20210912,20210912
238378502,0,0,0,0,0,1,0,20210919,20210919
237158001,1,1,1,1,1,0,0,20210901,20210917
237159501,0,0,0,0,0,1,0,20210904,20210918
237160601,0,0,0,0,0,0,1,20210905,20210912
238247502,0,0,0,0,0,1,0,20210919,20210919
237467001,1,1,1,1,1,0,0,20210901,20210917
237468501,0,0,0,0,0,1,0,20210904,20210918
237469601,0,0,0,0,0,0,1,20210905,20210912
238270502,0,0,0,0,0,1,0,20210919,20210919
237420000,1,1,1,1,1,0,0,20210901,20210917
237422500,0,0,0,0,0,1,0,20210904,20210918
237424600,0,0,0,0,0,0,1,20210905,20210905
238225601,0,0,0,0,0,0,1,20210912,20210912
238372501,0,0,0,0,0,1,0,20210919,20210919
235811052,1,1,1,1,1,0,0,20210823,20210831
235895501,0,0,0,0,0,1,0,20210828,20210828
233931601,0,0,0,0,0,0,1,20210829,20210829
237388053,1,1,1,1,1,0,0,20210830,20210830
237231071,1,1,1,1,1,0,0,20210901,20210915
236965001,1,1,1,1,1,0,0,20210902,20210917
236953501,0,0,0,0,0,1,0,20210904,20210918
236934601,0,0,0,0,0,0,1,20210905,20210912
238227502,0,0,0,0,0,1,0,20210919,20210919
237514001,1,1,1,1,1,0,0,20210901,20210917
237515501,0,0,0,0,0,1,0,20210904,20210918
237516601,0,0,0,0,0,0,1,20210905,20210912
238219502,0,0,0,0,0,1,0,20210919,20210919
237381031,1,1,1,1,1,0,0,20210901,20210915
237322001,1,1,1,1,1,0,0,20210902,20210917
237291501,0,0,0,0,0,1,0,20210904,20210918
237279601,0,0,0,0,0,0,1,20210905,20210905
238330602,0,0,0,0,0,0,1,20210912,20210912
238427502,0,0,0,0,0,1,0,20210919,20210919
236896051,1,1,1,1,1,0,0,20210823,20210827
237473501,0,0,0,0,0,1,0,20210828,20210828
237377601,0,0,0,0,0,0,1,20210829,20210829
237548052,1,1,1,1,1,0,0,20210830,20210831
237261000,1,1,1,1,1,0,0,20210901,20210903
237055500,0,0,0,0,0,1,0,20210904,20210904
237071600,0,0,0,0,0,0,1,20210905,20210905
238202001,1,1,1,1,1,0,0,20210906,20210917
238203501,0,0,0,0,0,1,0,20210911,20210918
238205601,0,0,0,0,0,0,1,20210912,20210912
238237502,0,0,0,0,0,1,0,20210919,20210919
237616001,1,1,1,1,1,0,0,20210901,20210917
237608501,0,0,0,0,0,1,0,20210904,20210918
237598601,0,0,0,0,0,0,1,20210905,20210905
238236602,0,0,0,0,0,0,1,20210912,20210912
238447502,0,0,0,0,0,1,0,20210919,20210919
237390040,1,1,1,1,1,0,0,20210901,20210901
237324000,1,1,1,1,1,0,0,20210902,20210917
237392500,0,0,0,0,0,1,0,20210904,20210918
237395600,0,0,0,0,0,0,1,20210905,20210905
238264040,1,1,1,1,1,0,0,20210908,20210915
238317601,0,0,0,0,0,0,1,20210912,20210912
238375501,0,0,0,0,0,1,0,20210919,20210919
237529001,1,1,1,1,1,0,0,20210901,20210917
237526501,0,0,0,0,0,1,0,20210904,20210918
237493601,0,0,0,0,0,0,1,20210905,20210912
238357502,0,0,0,0,0,1,0,20210919,20210919
237250001,1,1,1,1,1,0,0,20210901,20210917
237251501,0,0,0,0,0,1,0,20210904,20210918
237252601,0,0,0,0,0,0,1,20210905,20210905
238259602,0,0,0,0,0,0,1,20210912,20210912
238245502,0,0,0,0,0,1,0,20210919,20210919
237126000,1,1,1,1,1,0,0,20210901,20210917
237074500,0,0,0,0,0,1,0,20210904,20210918
237067600,0,0,0,0,0,0,1,20210905,20210905
238169601,0,0,0,0,0,0,1,20210912,20210912
238364501,0,0,0,0,0,1,0,20210919,20210919
237239000,1,1,1,1,1,0,0,20210901,20210917
237235500,0,0,0,0,0,1,0,20210904,20210918
237233600,0,0,0,0,0,0,1,20210905,20210905
238239601,0,0,0,0,0,0,1,20210912,20210912
238377501,0,0,0,0,0,1,0,20210919,20210919
237311001,1,1,1,1,1,0,0,20210901,20210917
237310501,0,0,0,0,0,1,0,20210904,20210918
237309601,0,0,0,0,0,0,1,20210905,20210912
238391502,0,0,0,0,0,1,0,20210919,20210919
236811001,1,1,1,1,1,0,0,20210901,20210917
236823501,0,0,0,0,0,1,0,20210904,20210918
236824601,0,0,0,0,0,0,1,20210905,20210905
238174602,0,0,0,0,0,0,1,20210912,20210912
238366502,0,0,0,0,0,1,0,20210919,20210919
233817050,1,1,1,1,1,0,0,20210823,20210831
233815500,0,0,0,0,0,1,0,20210828,20210828
233813600,0,0,0,0,0,0,1,20210829,20210829
236299000,1,1,1,1,1,0,0,20210901,20210917
236300500,0,0,0,0,0,1,0,20210904,20210918
236301600,0,0,0,0,0,0,1,20210905,20210905
238129601,0,0,0,0,0,0,1,20210912,20210912
237455501,0,0,0,0,0,1,0,20210919,20210919
237635001,1,1,1,1,1,0,0,20210901,20210917
237633501,0,0,0,0,0,1,0,20210904,20210919
237631601,0,0,0,0,0,0,1,20210905,20210905
238217602,0,0,0,0,0,0,1,20210912,20210912
237319001,1,1,1,1,1,0,0,20210901,20210917
237318501,0,0,0,0,0,1,0,20210904,20210919
237312601,0,0,0,0,0,0,1,20210905,20210912
237056001,1,1,1,1,1,0,0,20210901,20210917
237037501,0,0,0,0,0,1,0,20210904,20210911
236994601,0,0,0,0,0,0,1,20210905,20210912
238157502,0,0,0,0,0,1,0,20210918,20210918
238382503,0,0,0,0,0,1,0,20210919,20210919
237429031,1,1,1,1,1,0,0,20210901,20210915
237402001,1,1,1,1,1,0,0,20210902,20210917
237393501,0,0,0,0,0,1,0,20210904,20210919
237386601,0,0,0,0,0,0,1,20210905,20210912
237137031,1,1,1,1,1,0,0,20210901,20210915
237117001,1,1,1,1,1,0,0,20210902,20210916
237156051,1,1,1,1,1,0,0,20210903,20210917
237110501,0,0,0,0,0,1,0,20210904,20210918
237103601,0,0,0,0,0,0,1,20210905,20210912
238262002,1,1,1,1,1,0,0,20210914,20210914
238308502,0,0,0,0,0,1,0,20210919,20210919
236711001,1,1,1,1,1,0,0,20210901,20210917
236743501,0,0,0,0,0,1,0,20210904,20210919
236744601,0,0,0,0,0,0,1,20210905,20210912
236786030,1,1,1,1,1,0,0,20210901,20210915
236757001,1,1,1,1,1,0,0,20210902,20210917
236753501,0,0,0,0,0,1,0,20210904,20210918
236702601,0,0,0,0,0,0,1,20210905,20210912
238389502,0,0,0,0,0,1,0,20210919,20210919
237167030,1,1,1,1,1,0,0,20210901,20210915
237130001,1,1,1,1,1,0,0,20210902,20210917
237183501,0,0,0,0,0,1,0,20210904,20210918
237186601,0,0,0,0,0,0,1,20210905,20210912
238460002,1,1,1,1,1,0,0,20210914,20210914
238349502,0,0,0,0,0,1,0,20210919,20210919
237113030,1,1,1,1,1,0,0,20210901,20210915
237100001,1,1,1,1,1,0,0,20210902,20210917
237128501,0,0,0,0,0,1,0,20210904,20210918
237129601,0,0,0,0,0,0,1,20210905,20210912
238421502,0,0,0,0,0,1,0,20210919,20210919
236923054,1,1,1,1,1,0,0,20210823,20210827
235573501,0,0,0,0,0,1,0,20210828,20210828
235572601,0,0,0,0,0,0,1,20210829,20210829
237385056,1,1,1,1,1,0,0,20210830,20210830
237017055,1,1,1,1,1,0,0,20210831,20210831
237379071,1,1,1,1,1,0,0,20210901,20210901
237155000,1,1,1,1,1,0,0,20210902,20210903
237044500,0,0,0,0,0,1,0,20210904,20210919
237445601,0,0,0,0,0,0,1,20210905,20210905
238119001,1,1,1,1,1,0,0,20210906,20210917
237254070,1,1,1,1,1,0,0,20210908,20210915
236593600,0,0,0,0,0,0,1,20210912,20210912
237550001,1,1,1,1,1,0,0,20210901,20210917
237568501,0,0,0,0,0,1,0,20210904,20210919
237567601,0,0,0,0,0,0,1,20210905,20210912
237091031,1,1,1,1,1,0,0,20210901,20210915
237042001,1,1,1,1,1,0,0,20210902,20210917
237038501,0,0,0,0,0,1,0,20210904,20210918
237019601,0,0,0,0,0,0,1,20210905,20210912
238253502,0,0,0,0,0,1,0,20210919,20210919
237076031,1,1,1,1,1,0,0,20210901,20210915
237075001,1,1,1,1,1,0,0,20210902,20210917
237077501,0,0,0,0,0,1,0,20210904,20210918
237078601,0,0,0,0,0,0,1,20210905,20210905
238266602,0,0,0,0,0,0,1,20210912,20210912
238221502,0,0,0,0,0,1,0,20210919,20210919
237139000,1,1,1,1,1,0,0,20210901,20210903
237138500,0,0,0,0,0,1,0,20210904,20210904
236516600,0,0,0,0,0,0,1,20210905,20210905
238201001,1,1,1,1,1,0,0,20210906,20210917
238199501,0,0,0,0,0,1,0,20210911,20210919
238197601,0,0,0,0,0,0,1,20210912,20210912
237098001,1,1,1,1,1,0,0,20210901,20210917
237097501,0,0,0,0,0,1,0,20210904,20210919
237094601,0,0,0,0,0,0,1,20210905,20210905
238314602,0,0,0,0,0,0,1,20210912,20210912
236763001,1,1,1,1,1,0,0,20210901,20210917
237587001,1,1,1,1,1,0,0,20210901,20210916
238074051,1,1,1,1,1,0,0,20210903,20210917
237619501,0,0,0,0,0,1,0,20210904,20210918
237620601,0,0,0,0,0,0,1,20210905,20210912
238229502,0,0,0,0,0,1,0,20210919,20210919
237541001,1,1,1,1,1,0,0,20210901,20210917
237540501,0,0,0,0,0,1,0,20210904,20210918
237539601,0,0,0,0,0,0,1,20210905,20210905
238306602,0,0,0,0,0,0,1,20210912,20210912
238370502,0,0,0,0,0,1,0,20210919,20210919
237578031,1,1,1,1,1,0,0,20210901,20210915
237575001,1,1,1,1,1,0,0,20210902,20210917
237562501,0,0,0,0,0,1,0,20210904,20210918
237542601,0,0,0,0,0,0,1,20210905,20210905
238276602,0,0,0,0,0,0,1,20210912,20210912
238431502,0,0,0,0,0,1,0,20210919,20210919
237592001,1,1,1,1,1,0,0,20210901,20210917
237591501,0,0,0,0,0,1,0,20210904,20210918
237585601,0,0,0,0,0,0,1,20210905,20210905
238311602,0,0,0,0,0,0,1,20210912,20210912
238463502,0,0,0,0,0,1,0,20210919,20210919
237584001,1,1,1,1,1,0,0,20210901,20210917
237574501,0,0,0,0,0,1,0,20210904,20210919
237549601,0,0,0,0,0,0,1,20210905,20210912
237524001,1,1,1,1,1,0,0,20210901,20210917
237517501,0,0,0,0,0,1,0,20210904,20210919
237510601,0,0,0,0,0,0,1,20210905,20210905
238344602,0,0,0,0,0,0,1,20210912,20210912
237505031,1,1,1,1,1,0,0,20210901,20210915
237482001,1,1,1,1,1,0,0,20210902,20210917
237452501,0,0,0,0,0,1,0,20210904,20210918
237443601,0,0,0,0,0,0,1,20210905,20210912
238380502,0,0,0,0,0,1,0,20210919,20210919
237502031,1,1,1,1,1,0,0,20210901,20210915
237437001,1,1,1,1,1,0,0,20210902,20210917
237430501,0,0,0,0,0,1,0,20210904,20210918
236665601,0,0,0,0,0,0,1,20210905,20210912
238400502,0,0,0,0,0,1,0,20210919,20210919
237486001,1,1,1,1,1,0,0,20210901,20210917
236683000,1,1,1,1,1,0,0,20210901,20210917
236961060,1,1,1,1,1,0,0,20210902,20210916
236967500,0,0,0,0,0,1,0,20210904,20210918
236996600,0,0,0,0,0,0,1,20210905,20210905
238249601,0,0,0,0,0,0,1,20210912,20210912
238466501,0,0,0,0,0,1,0,20210919,20210919
237413000,1,1,1,1,1,0,0,20210901,20210917
237415500,0,0,0,0,0,1,0,20210904,20210919
237417600,0,0,0,0,0,0,1,20210905,20210905
238223601,0,0,0,0,0,0,1,20210912,20210912
236916001,1,1,1,1,1,0,0,20210901,20210917
236924501,0,0,0,0,0,1,0,20210904,20210918
236942601,0,0,0,0,0,0,1,20210905,20210912
238423502,0,0,0,0,0,1,0,20210919,20210919
237580031,1,1,1,1,1,0,0,20210901,20210915
237570001,1,1,1,1,1,0,0,20210902,20210917
237586501,0,0,0,0,0,1,0,20210904,20210919
237583601,0,0,0,0,0,0,1,20210905,20210912
237399000,1,1,1,1,1,0,0,20210901,20210917
237401500,0,0,0,0,0,1,0,20210904,20210919
236680001,1,1,1,1,1,0,0,20210901,20210917
236679501,0,0,0,0,0,1,0,20210904,20210918
236678601,0,0,0,0,0,0,1,20210905,20210912
238425502,0,0,0,0,0,1,0,20210919,20210919
237304001,1,1,1,1,1,0,0,20210901,20210917
237288501,0,0,0,0,0,1,0,20210904,20210918
237278601,0,0,0,0,0,0,1,20210905,20210905
238273602,0,0,0,0,0,0,1,20210912,20210912
238433502,0,0,0,0,0,1,0,20210919,20210919
237656031,1,1,1,1,1,0,0,20210901,20210901
237640001,1,1,1,1,1,0,0,20210902,20210903
237638501,0,0,0,0,0,1,0,20210904,20210904
237599601,0,0,0,0,0,0,1,20210905,20210905
238176002,1,1,1,1,1,0,0,20210906,20210917
238178032,1,1,1,1,1,0,0,20210908,20210915
238207502,0,0,0,0,0,1,0,20210911,20210918
238243603,0,0,0,0,0,0,1,20210912,20210912
238453503,0,0,0,0,0,1,0,20210919,20210919
237465051,1,1,1,1,1,0,0,20210823,20210831
234147500,0,0,0,0,0,1,0,20210828,20210828
234031600,0,0,0,0,0,0,1,20210829,20210829
236628000,1,1,1,1,1,0,0,20210901,20210917
236430500,0,0,0,0,0,1,0,20210904,20210918
236272600,0,0,0,0,0,0,1,20210905,20210905
237969601,0,0,0,0,0,0,1,20210912,20210912
238097001,1,1,1,1,1,0,0,20210914,20210914
238231501,0,0,0,0,0,1,0,20210919,20210919
237132000,1,1,1,1,1,0,0,20210901,20210917
236573500,0,0,0,0,0,1,0,20210904,20210918
236325600,0,0,0,0,0,0,1,20210905,20210912
238233501,0,0,0,0,0,1,0,20210919,20210919
236957001,1,1,1,1,1,0,0,20210901,20210917
236941501,0,0,0,0,0,1,0,20210904,20210919
236919601,0,0,0,0,0,0,1,20210905,20210912
237605001,1,1,1,1,1,0,0,20210901,20210917
237600501,0,0,0,0,0,1,0,20210904,20210919
237593601,0,0,0,0,0,0,1,20210905,20210912
236764001,1,1,1,1,1,0,0,20210901,20210917
236726501,0,0,0,0,0,1,0,20210904,20210918
236681601,0,0,0,0,0,0,1,20210905,20210912
238429502,0,0,0,0,0,1,0,20210919,20210919
237564001,1,1,1,1,1,0,0,20210901,20210917
237569501,0,0,0,0,0,1,0,20210904,20210918
237579601,0,0,0,0,0,0,1,20210905,20210912
238476502,0,0,0,0,0,1,0,20210919,20210919
236804001,1,1,1,1,1,0,0,20210901,20210917
236803501,0,0,0,0,0,1,0,20210904,20210918
236802601,0,0,0,0,0,0,1,20210905,20210912
238405502,0,0,0,0,0,1,0,20210919,20210919
236968052,1,1,1,1,1,0,0,20210823,20210827
236974503,0,0,0,0,0,1,0,20210828,20210828
236978604,0,0,0,0,0,0,1,20210829,20210829
238068053,1,1,1,1,1,0,0,20210830,20210831
237135002,1,1,1,1,1,0,0,20210901,20210903
237023501,0,0,0,0,0,1,0,20210904,20210904
236993601,0,0,0,0,0,0,1,20210905,20210905
237096001,1,1,1,1,1,0,0,20210906,20210917
237046502,0,0,0,0,0,1,0,20210911,20210911
237041602,0,0,0,0,0,0,1,20210912,20210912
238038504,0,0,0,0,0,1,0,20210918,20210918
237474503,0,0,0,0,0,1,0,20210919,20210919
236889051,1,1,1,1,1,0,0,20210823,20210827
234499500,0,0,0,0,0,1,0,20210828,20210828
234042600,0,0,0,0,0,0,1,20210829,20210829
236898052,1,1,1,1,1,0,0,20210830,20210831
236809000,1,1,1,1,1,0,0,20210901,20210903
236560500,0,0,0,0,0,1,0,20210904,20210904
236538600,0,0,0,0,0,0,1,20210905,20210905
237083001,1,1,1,1,1,0,0,20210906,20210917
236808501,0,0,0,0,0,1,0,20210911,20210918
237463602,0,0,0,0,0,0,1,20210912,20210912
237477502,0,0,0,0,0,1,0,20210919,20210919
237315001,1,1,1,1,1,0,0,20210901,20210917
237282501,0,0,0,0,0,1,0,20210904,20210918
237214601,0,0,0,0,0,0,1,20210905,20210905
238193602,0,0,0,0,0,0,1,20210912,20210912
238304502,0,0,0,0,0,1,0,20210919,20210919
236950051,1,1,1,1,1,0,0,20210823,20210831
236972503,0,0,0,0,0,1,0,20210828,20210828
236980603,0,0,0,0,0,0,1,20210829,20210829
237134001,1,1,1,1,1,0,0,20210901,20210903
237015501,0,0,0,0,0,1,0,20210904,20210904
237005601,0,0,0,0,0,0,1,20210905,20210905
237148000,1,1,1,1,1,0,0,20210906,20210917
236531500,0,0,0,0,0,1,0,20210911,20210919
236519600,0,0,0,0,0,0,1,20210912,20210912
237597001,1,1,1,1,1,0,0,20210903,20210917
237596501,0,0,0,0,0,1,0,20210904,20210918
237602001,1,1,1,1,1,0,0,20210903,20210917
237601501,0,0,0,0,0,1,0,20210904,20210918
238072001,1,1,1,1,1,0,0,20210903,20210917
237604501,0,0,0,0,0,1,0,20210904,20210918
237520001,1,1,1,1,1,0,0,20210903,20210917
237521501,0,0,0,0,0,1,0,20210904,20210918
237409051,1,1,1,1,1,0,0,20210903,20210917
237410501,0,0,0,0,0,1,0,20210904,20210918
237518001,1,1,1,1,1,0,0,20210903,20210917
237519501,0,0,0,0,0,1,0,20210904,20210918
237121001,1,1,1,1,1,0,0,20210903,20210917
237120501,0,0,0,0,0,1,0,20210904,20210918
236296052,1,1,1,1,1,0,0,20210823,20210827
234154501,0,0,0,0,0,1,0,20210828,20210828
234065601,0,0,0,0,0,0,1,20210829,20210829
236496053,1,1,1,1,1,0,0,20210830,20210831
236774052,1,1,1,1,1,0,0,20210823,20210827
236891501,0,0,0,0,0,1,0,20210828,20210828
237108601,0,0,0,0,0,0,1,20210829,20210829
237287051,1,1,1,1,1,0,0,20210830,20210831
235954071,1,1,1,1,1,0,0,20210823,20210831
236184082,1,1,1,1,1,0,0,20210827,20210827
238195506,0,0,0,0,0,1,0,20210828,20210828
238127604,0,0,0,0,0,0,1,20210829,20210829
237625071,1,1,1,1,1,0,0,20210823,20210826
237622086,1,1,1,1,1,0,0,20210827,20210827
237642504,0,0,0,0,0,1,0,20210828,20210828
238006605,0,0,0,0,0,0,1,20210829,20210829
237954072,1,1,1,1,1,0,0,20210830,20210831
238108071,1,1,1,1,1,0,0,20210823,20210826
238131071,1,1,1,1,1,0,0,20210827,20210827
236801504,0,0,0,0,0,1,0,20210828,20210828
238135604,0,0,0,0,0,0,1,20210829,20210829
238166072,1,1,1,1,1,0,0,20210830,20210831
235005071,1,1,1,1,1,0,0,20210823,20210831
235926080,1,1,1,1,1,0,0,20210827,20210827
236444503,0,0,0,0,0,1,0,20210828,20210828
237995605,0,0,0,0,0,0,1,20210829,20210829
234467001,1,1,1,1,1,0,0,20210823,20210831
237538502,0,0,0,0,0,1,0,20210828,20210828
237241001,1,1,1,1,1,0,0,20210901,20210917
234468001,1,1,1,1,1,0,0,20210823,20210831
237532502,0,0,0,0,0,1,0,20210828,20210828
237242001,1,1,1,1,1,0,0,20210901,20210917
237243501,0,0,0,0,0,1,0,20210904,20210919
237244001,1,1,1,1,1,0,0,20210901,20210917
235536070,1,1,1,1,1,0,0,20210823,20210831
235974080,1,1,1,1,1,0,0,20210827,20210827
236364503,0,0,0,0,0,1,0,20210828,20210828
238087604,0,0,0,0,0,0,1,20210829,20210829
237127000,1,1,1,1,1,0,0,20210901,20210903
237022500,0,0,0,0,0,1,0,20210904,20210904
237006600,0,0,0,0,0,0,1,20210905,20210905
237104001,1,1,1,1,1,0,0,20210906,20210917
237102501,0,0,0,0,0,1,0,20210911,20210911
237472602,0,0,0,0,0,0,1,20210912,20210912
237451600,0,0,0,0,0,0,1,20210905,20210905
238036502,0,0,0,0,0,1,0,20210918,20210918
238255501,0,0,0,0,0,1,0,20210919,20210919
